Key: 37100
Fitness: 200
Nodes:
	0 DefaultNodeGene(key=0, bias=-1.2899716789059048, response=1.0, activation=sigmoid, aggregation=sum)
	1 DefaultNodeGene(key=1, bias=2.5032910166411395, response=1.0, activation=sigmoid, aggregation=sum)
	8503 DefaultNodeGene(key=8503, bias=-1.1704956857195046, response=1.0, activation=sigmoid, aggregation=sum)
	8531 DefaultNodeGene(key=8531, bias=-2.882908832073002, response=1.0, activation=sigmoid, aggregation=sum)
Connections:
	DefaultConnectionGene(key=(-6, 1), weight=2.8712067543972144, enabled=True)
	DefaultConnectionGene(key=(-5, 0), weight=1.6357807912385027, enabled=True)
	DefaultConnectionGene(key=(-4, 8531), weight=1.5330027490201348, enabled=True)
	DefaultConnectionGene(key=(-2, 1), weight=-0.17695032906944425, enabled=True)
	DefaultConnectionGene(key=(-1, 1), weight=-0.8514923441675971, enabled=False)
	DefaultConnectionGene(key=(-1, 8503), weight=0.4293160119318309, enabled=True)
	DefaultConnectionGene(key=(-1, 8531), weight=-0.009136832603067635, enabled=True)
	DefaultConnectionGene(key=(8503, 1), weight=0.7234224747248479, enabled=True)
	DefaultConnectionGene(key=(8531, 1), weight=-0.3423790179153335, enabled=True)